48.922
48.654
57.992
54.06
49.718
49.483
48.792
48.345
47.692
47.483
47.427
47.109
46.753
45.915
44.854
44.065
40.093
38.076
37.062
36.087
34.639
33.039
32.387
28.758
28.11
27.186
26.914
26.518
25.633
23.983
22.631
21.689
20.632
19.771
19.059
18.585
17.729
16.404
15.563
14.92
14.311
13.695
13.16
12.703
12.033
11.449
10.973
10.42
9.9865
9.4752
9.0977
8.5882
8.1653
7.8325
7.3609
7.0259
6.6444
6.3083
5.9554
5.5988
5.2465
4.934
4.5286
4.0998
3.7358
3.4061
2.9854
2.6767
2.3873
2.1321
1.8958
1.6894
1.459
1.9948
1.6453
1.5462
0.78802
0.65694
0.52101
0.43073
0.36354
0.30608
0.24549
0.20226
0.16736
0.1283
0.11007
0.08316
0.06875
0.056597
0.03941
0.023611
0.02066
0.010243
0.0085069
0.0053819
0.0046875
0.0036458
0.0027778
0.0012153
0.0010417
0.00052083
0.00034722
0.00017361
